164 66912
181 37791
33 28744
62 24663
146 24160
228 21166
63 19350
26 18689
238 18140
183 16519
161 15338
218 12591
211 9552
43 9206
66 9206
189 7808
190 7397
21 7053
220 6924
158 6904
117 6342
182 5085
248 4826
70 4795
37 4140
197 3188
55 3083
53 2493
24 2479
167 2463
209 2151
8 1592
156 1009
244 711
178 689
13 647
74 643
44 582
149 498
185 474
71 458
159 449
176 440
198 342
122 336
206 294
133 289
84 279
187 277
207 265
110 245
98 230
138 228
119 215
35 204
111 189
131 183
77 161
148 157
235 103
230 72
94 58
129 58
227 40
121 40
47 32
49 24
243 23
61 22
18 19
29 17
214 17
253 13
165 12
59 12
202 12
69 10
180 10
163 10
200 9
60 9
56 8
78 2
96 2
213 1
112 1
175 1
232 1
233 1
50 1