181 164 10659
164 33 9833
66 43 9206
63 181 9051
33 63 8577
161 164 8220
164 146 7829
33 164 6846
238 164 5782
146 228 5361
26 228 5154
181 183 4962
182 164 4663
164 189 4654
228 161 4643
164 238 4496
164 63 4483
183 181 4102
228 164 3932
62 211 3728
181 161 3586
164 62 3409
220 164 3256
146 33 3146
62 228 3087
26 33 2983
164 26 2964
164 70 2958
183 164 2941
228 158 2869
63 146 2863
181 228 2853
63 26 2819
33 62 2763
62 164 2730
37 164 2665
62 183 2424
146 238 2414
33 181 2320
26 238 2283
43 66 2281
164 117 2245
238 33 2241
164 21 2142
189 146 2105
181 238 2089
218 218 2043
164 161 2033
146 183 2024
218 181 2008
117 164 2006
62 190 1968
53 181 1956
164 190 1929
238 181 1896
190 181 1887
181 146 1884
158 164 1826
62 117 1761
228 33 1730
33 26 1676
146 164 1664
228 181 1619
211 33 1578
164 218 1573
183 62 1540
218 164 1499
70 181 1493
146 218 1460
62 189 1446
164 158 1403
63 164 1403
164 209 1382
161 181 1341
181 218 1338
164 248 1336
164 228 1316
146 161 1283
228 62 1276
63 62 1271
190 164 1265
211 228 1252
43 55 1236
62 62 1225
189 26 1211
146 26 1194
218 26 1191
183 26 1168
55 66 1167
21 62 1166
181 181 1158
26 161 1155
117 62 1154
62 33 1148
21 63 1148
164 183 1124
164 8 1115
218 146 1112
21 197 1087
238 63 1054
26 190 1053
164 181 1037
211 183 1036
164 220 1028
220 62 1022
211 238 1014
218 220 1013
181 33 1013
209 63 1008
146 220 1006
218 62 1005
158 63 1005
21 181 998
26 218 984
189 181 980
161 62 968
183 146 967
238 62 949
248 181 941
70 62 931
211 218 931
24 24 931
218 161 906
181 66 894
189 63 892
189 62 879
167 238 866
197 181 854
190 146 843
181 220 842
161 26 840
146 21 839
181 21 823
209 62 821
164 211 816
21 146 808
33 146 808
238 146 796
197 164 789
26 183 773
158 181 762
181 182 759
8 164 744
26 158 741
62 218 741
33 183 733
238 26 725
228 167 720
63 33 720
238 238 701
190 62 700
26 21 698
26 62 694
181 190 694
181 37 686
167 33 685
164 156 682
37 66 677
189 164 673
37 55 672
211 164 671
183 33 656
183 220 641
43 33 640
161 66 634
70 211 631
238 182 623
183 238 623
181 53 618
228 26 604
158 62 601
74 164 601
26 181 598
190 26 591
211 248 588
228 21 586
211 21 579
33 33 573
117 181 560
33 37 558
228 238 537
146 158 530
33 182 529
248 183 527
146 190 516
62 161 515
43 146 504
62 238 497
161 182 496
238 37 486
70 218 485
158 183 479
21 33 477
220 182 476
211 158 476
26 117 474
238 211 472
183 161 471
248 62 471
146 53 467
164 178 465
248 218 463
33 66 462
33 218 459
158 146 457
43 209 457
248 164 455
238 66 443
62 197 439
248 146 438
117 26 429
238 248 427
164 197 423
33 238 408
146 70 403
228 220 401
146 189 401
33 211 400
183 228 398
62 248 392
161 146 390
33 167 386
248 26 385
181 248 381
117 146 369
156 181 369
164 244 367
117 117 365
26 53 364
117 183 360
62 53 360
43 238 358
181 26 358
220 238 354
248 248 353
146 197 352
161 37 350
161 183 346
189 228 344
62 220 343
55 164 339
164 149 339
43 189 338
238 21 329
13 164 326
164 53 326
181 117 325
190 248 325
146 248 320
43 63 319
70 146 315
53 26 313
117 211 312
183 182 310
71 55 305
181 189 305
182 66 304
164 55 300
156 211 299
21 183 297
164 44 297
220 181 292
70 183 290
164 159 288
197 228 287
33 220 286
44 63 284
228 66 284
183 183 283
220 37 282
228 182 282
70 220 281
197 26 280
21 26 280
158 26 280
21 218 278
183 37 269
220 66 265
13 55 259
183 66 259
185 211 258
167 218 255
62 181 255
181 167 253
228 146 252
161 220 251
117 33 251
146 211 251
218 117 251
183 197 251
190 182 249
228 37 249
181 24 247
218 182 246
164 185 245
238 218 243
63 183 243
181 122 242
161 238 239
183 190 239
55 44 237
21 211 236
190 238 236
63 211 235
8 167 234
62 26 231
164 187 229
198 62 228
183 211 226
190 211 225
218 238 222
207 66 221
158 218 217
190 37 216
43 70 214
211 190 214
63 182 211
181 158 210
33 21 208
43 21 207
43 62 207
158 182 206
44 181 206
24 146 203
55 8 202
183 158 200
117 218 199
8 33 192
164 133 192
187 62 191
211 161 190
146 117 189
161 228 189
62 21 187
24 33 185
149 211 183
131 211 183
43 26 183
33 189 181
218 33 180
158 37 180
228 197 179
26 248 178
164 176 177
158 238 177
62 146 177
183 21 177
183 218 175
218 211 173
248 211 171
211 181 171
43 248 170
62 66 169
158 66 169
244 228 167
248 33 163
43 190 162
149 181 162
161 207 162
43 161 159
228 218 159
62 182 158
197 238 158
43 117 155
62 70 155
146 66 153
211 26 153
26 197 151
190 70 151
197 220 150
190 220 149
161 218 148
197 182 148
164 167 146
159 183 146
176 164 145
189 182 145
220 24 144
70 26 143
26 146 143
164 198 143
164 35 143
238 190 140
161 24 140
8 228 139
158 24 138
71 164 138
63 220 138
117 66 134
167 161 132
211 70 132
53 146 132
164 138 132
161 161 131
159 62 130
26 70 129
220 70 127
220 26 127
197 37 126
220 167 126
238 189 123
178 63 123
63 66 121
43 244 121
62 158 120
238 24 120
43 156 119
119 62 119
43 158 117
62 37 117
84 63 116
21 21 115
55 209 114
218 197 114
24 70 112
182 55 112
185 181 112
211 167 111
158 158 111
228 211 110
43 181 110
178 146 110
161 211 109
228 24 108
228 228 108
211 146 108
33 24 107
218 66 107
43 183 106
181 74 106
190 167 104
158 211 104
164 111 104
211 117 103
55 84 101
164 110 101
238 197 100
164 148 100
55 198 99
183 248 99
220 33 98
218 37 98
24 238 98
55 119 97
248 238 97
77 181 97
178 62 96
178 26 95
189 238 93
190 190 93
164 84 93
228 70 93
138 62 91
183 24 91
43 110 91
228 185 90
43 228 90
161 74 89
35 211 88
43 218 87
167 183 86
189 37 86
33 13 85
156 146 85
21 164 85
206 98 85
164 119 85
33 71 84
24 63 84
33 190 84
190 66 84
98 164 84
62 185 84
55 178 83
167 164 82
244 164 82
197 62 81
24 189 81
183 167 81
209 206 81
238 228 80
164 131 79
55 156 78
167 53 78
181 13 78
156 62 78
33 74 77
156 244 77
181 70 76
55 244 75
238 74 74
63 37 74
43 178 74
110 156 74
70 70 73
228 117 73
53 62 73
218 189 72
122 248 72
159 209 71
244 159 71
133 146 71
43 149 70
248 182 69
119 181 68
197 218 68
161 158 68
26 77 67
181 71 66
244 211 66
218 190 66
122 33 65
164 206 64
164 98 62
110 62 61
167 190 60
24 218 60
183 53 60
181 62 60
156 26 60
158 228 59
183 117 59
185 62 58
24 55 58
248 63 58
238 220 57
248 220 57
24 161 56
181 63 56
244 218 56
43 8 56
24 8 56
178 33 56
43 211 55
218 53 55
183 70 54
189 220 54
248 37 53
8 117 53
238 13 52
146 24 52
164 235 52
62 24 52
43 159 52
228 74 51
167 181 51
133 183 51
148 62 51
189 66 51
24 117 50
189 183 50
24 21 48
117 182 48
70 238 47
117 37 47
220 74 47
55 149 47
122 21 46
190 13 46
146 167 46
238 167 46
189 117 46
111 62 46
197 66 46
190 24 46
220 189 46
178 211 45
111 26 45
24 248 44
35 62 44
8 8 44
43 220 43
161 13 43
228 13 43
218 248 43
187 211 43
235 235 43
244 33 43
149 62 43
129 37 42
74 66 42
190 71 42
167 228 42
228 53 42
24 26 41
110 146 41
63 24 41
55 111 40
211 37 40
220 13 40
8 66 40
190 117 40
220 146 40
24 228 40
218 24 40
70 164 39
197 24 39
44 26 39
183 189 38
43 53 38
211 182 38
122 181 38
190 74 38
43 44 38
178 181 38
148 26 37
98 181 37
24 220 36
33 228 36
248 66 36
149 220 36
189 218 35
183 13 35
43 187 35
238 117 35
161 53 35
189 24 34
211 71 34
185 146 34
181 197 34
63 190 34
133 26 34
207 164 34
183 74 33
211 66 33
206 53 33
178 248 33
111 181 33
122 146 33
117 24 33
209 181 33
133 211 33
164 230 33
181 176 32
98 62 32
43 198 32
122 164 32
206 164 32
43 133 32
209 146 31
133 62 31
164 121 31
146 77 30
26 122 30
55 138 30
33 176 30
84 228 30
190 228 30
220 71 29
161 176 29
197 13 29
220 218 29
13 66 29
62 167 29
138 26 29
138 181 29
209 156 29
197 167 28
238 71 28
181 131 28
189 13 28
235 8 28
111 146 28
218 13 27
55 159 27
55 133 27
197 71 27
198 181 27
244 238 27
24 209 27
197 117 26
62 13 26
183 71 26
24 62 26
220 190 25
24 190 25
158 13 25
55 238 25
220 183 24
33 117 24
230 228 24
44 146 24
8 37 24
209 164 24
206 37 23
161 190 23
211 62 23
228 131 23
43 197 23
176 189 23
159 218 23
62 122 23
209 189 23
37 206 22
43 129 22
55 176 22
63 238 22
70 33 22
244 190 22
189 167 21
238 55 21
176 13 21
238 176 21
167 146 21
159 181 21
43 138 21
211 77 20
55 33 20
220 207 20
161 71 20
228 189 20
176 182 20
176 161 20
187 26 20
94 8 20
209 183 20
209 84 20
47 47 20
138 146 20
181 207 20
183 63 19
24 158 19
62 71 19
43 35 19
122 26 19
176 238 19
55 35 19
218 228 19
244 183 19
248 24 19
158 167 18
176 63 18
43 185 18
218 74 18
197 74 18
55 110 18
158 71 18
164 129 18
133 220 18
167 209 18
244 117 18
235 94 18
43 206 18
164 94 18
98 206 18
206 198 18
167 70 17
77 164 17
63 13 17
24 183 17
228 71 17
220 176 17
227 164 17
148 183 17
149 218 17
55 24 17
110 63 17
63 70 16
161 117 16
24 197 16
211 176 16
63 74 16
21 220 16
158 74 16
159 146 16
181 55 16
149 26 16
24 181 16
43 148 16
35 181 16
156 206 16
164 243 16
13 24 15
238 131 15
189 161 15
53 220 15
161 167 15
176 33 15
159 26 15
24 156 15
146 122 15
84 133 15
178 164 15
43 98 15
209 26 15
37 37 14
218 71 14
238 161 14
190 183 14
161 55 14
238 70 14
84 98 14
84 117 14
158 33 14
35 183 14
206 122 14
26 211 14
24 244 14
43 111 14
164 214 14
228 248 13
55 70 13
189 176 13
63 218 13
62 74 13
63 228 13
62 63 13
176 220 13
146 63 13
218 176 13
55 146 13
24 66 13
138 183 13
181 77 13
44 62 13
178 21 13
84 198 13
198 209 13
189 189 13
181 149 13
111 8 12
55 74 12
21 37 12
8 238 12
55 183 12
117 238 12
33 207 12
55 63 12
43 176 12
176 37 12
55 167 12
211 13 12
185 26 12
218 21 12
187 181 12
70 185 12
133 181 12
230 209 12
148 164 12
8 209 11
43 131 11
238 207 11
189 74 11
117 13 11
24 185 11
218 167 11
98 26 11
149 146 11
244 209 11
55 98 11
211 24 11
8 178 11
84 148 11
206 228 11
29 164 11
148 37 10
37 148 10
244 198 10
8 198 10
21 228 10
77 77 10
228 122 10
198 138 10
77 220 10
176 70 10
84 230 10
117 220 10
161 70 10
21 66 10
55 190 10
117 74 10
119 164 10
37 29 10
62 176 10
176 190 10
228 55 10
163 180 10
43 167 10
209 8 10
244 66 10
84 218 10
206 146 10
117 55 10
8 94 10
244 98 10
24 211 10
33 248 9
178 206 9
55 161 9
238 158 9
176 228 9
218 70 9
228 63 9
190 218 9
248 13 9
62 77 9
55 148 9
183 55 9
248 207 9
158 190 9
176 146 9
167 62 9
227 182 9
33 55 9
198 146 9
98 244 9
35 26 9
117 167 9
62 131 9
21 238 9
206 178 9
110 209 9
183 207 9
49 49 8
207 49 8
158 55 8
77 146 8
146 62 8
218 63 8
190 176 8
77 26 8
94 66 8
167 21 8
189 71 8
55 189 8
121 146 8
70 182 8
198 211 8
167 248 8
176 26 8
122 63 8
43 84 8
220 63 8
71 66 8
148 146 8
244 70 8
94 37 8
133 164 8
149 206 8
206 110 8
238 227 8
37 62 7
248 158 7
244 35 7
24 164 7
138 8 7
198 84 7
55 187 7
24 167 7
8 182 7
13 167 7
63 71 7
55 248 7
181 211 7
176 71 7
248 74 7
71 24 7
211 220 7
158 220 7
138 244 7
220 55 7
183 176 7
158 176 7
122 37 7
24 176 7
110 206 7
244 110 7
209 211 7
187 146 7
43 94 7
43 119 7
56 211 7
159 211 7
24 178 7
159 98 7
156 8 7
47 164 7
244 161 7
178 37 6
209 119 6
206 138 6
61 164 6
37 129 6
119 84 6
138 164 6
138 206 6
133 244 6
55 117 6
156 164 6
235 66 6
37 167 6
228 183 6
248 167 6
248 71 6
167 220 6
84 164 6
146 185 6
197 189 6
63 55 6
158 207 6
244 63 6
55 21 6
220 248 6
197 146 6
26 164 6
167 138 6
176 178 6
248 190 6
55 218 6
176 119 6
176 21 6
26 131 6
148 84 6
228 190 6
94 146 6
180 163 6
189 55 6
8 84 6
209 98 6
43 24 6
18 26 6
164 18 6
24 149 6
244 189 6
24 133 6
235 37 6
8 235 6
138 211 6
164 47 6
35 164 6
178 209 6
243 61 6
37 228 6
227 66 6
110 218 6
206 133 5
230 164 5
133 206 5
8 133 5
37 59 5
244 178 5
243 164 5
84 209 5
111 164 5
98 8 5
37 182 5
122 182 5
117 207 5
220 21 5
198 164 5
24 131 5
33 70 5
55 181 5
244 53 5
8 24 5
55 18 5
211 53 5
146 182 5
218 55 5
244 149 5
13 176 5
33 227 5
122 211 5
161 227 5
176 24 5
227 37 5
121 33 5
178 167 5
176 218 5
197 176 5
21 131 5
176 209 5
218 183 5
176 158 5
133 13 5
84 211 5
198 178 5
111 111 5
8 111 5
244 26 5
24 159 5
94 26 5
149 183 5
24 84 5
43 121 5
94 206 5
47 66 5
98 84 5
61 129 5
61 61 5
37 158 5
49 248 4
164 165 4
165 61 4
230 198 4
8 206 4
35 98 4
35 206 4
98 98 4
44 244 4
164 59 4
164 253 4
59 37 4
129 164 4
243 37 4
37 69 4
8 149 4
206 244 4
8 110 4
198 119 4
198 110 4
13 37 4
244 133 4
111 244 4
244 111 4
178 178 4
133 8 4
110 183 4
214 209 4
189 197 4
70 37 4
149 230 4
55 197 4
26 167 4
248 55 4
198 206 4
84 178 4
110 111 4
176 198 4
146 37 4
189 70 4
77 218 4
197 211 4
55 206 4
189 33 4
248 117 4
55 26 4
167 66 4
182 167 4
110 181 4
138 167 4
176 55 4
176 138 4
121 189 4
55 158 4
220 228 4
161 248 4
26 24 4
176 156 4
167 37 4
35 146 4
218 158 4
228 207 4
121 62 4
63 176 4
164 56 4
21 138 4
133 21 4
98 211 4
43 230 4
84 183 4
35 63 4
94 181 4
63 117 4
198 26 4
24 111 4
230 238 4
244 21 4
148 181 4
24 138 4
21 24 4
119 24 4
110 84 4
230 98 4
209 230 4
178 244 4
18 164 4
149 84 4
98 35 4
198 149 4
35 230 4
187 206 4
84 187 4
43 47 4
202 253 4
121 178 4
206 149 4
37 178 3
230 37 3
21 227 3
121 21 3
8 98 3
149 8 3
8 244 3
206 206 3
164 200 3
59 182 3
110 8 3
178 110 3
165 37 3
253 37 3
200 37 3
37 200 3
202 164 3
37 202 3
159 111 3
148 230 3
49 189 3
253 24 3
44 8 3
181 227 3
146 181 3
243 182 3
176 211 3
70 161 3
117 70 3
198 66 3
178 8 3
8 138 3
29 24 3
220 77 3
197 70 3
190 33 3
248 189 3
161 21 3
110 18 3
244 220 3
70 74 3
167 178 3
228 77 3
181 185 3
8 13 3
55 220 3
18 181 3
164 77 3
176 8 3
228 176 3
176 197 3
110 211 3
161 197 3
24 53 3
55 62 3
248 70 3
176 62 3
209 13 3
156 167 3
178 156 3
21 167 3
244 119 3
53 211 3
55 228 3
29 66 3
43 214 3
178 190 3
63 189 3
55 185 3
60 37 3
138 182 3
206 148 3
178 189 3
248 197 3
230 178 3
111 230 3
24 198 3
111 211 3
178 218 3
206 218 3
24 206 3
24 110 3
230 248 3
178 66 3
98 66 3
244 138 3
119 206 3
44 119 3
244 44 3
84 84 3
98 209 3
209 244 3
248 161 3
96 248 2
69 61 2
158 49 2
253 129 2
129 165 2
59 227 2
121 59 2
227 121 2
129 121 2
159 84 2
198 8 2
159 230 2
209 182 2
111 182 2
138 66 2
206 159 2
206 235 2
149 98 2
8 35 2
178 24 2
119 182 2
59 164 2
200 61 2
164 60 2
8 55 2
37 60 2
37 165 2
37 253 2
69 164 2
37 243 2
35 111 2
159 35 2
37 110 2
149 37 2
69 37 2
98 18 2
111 206 2
230 111 2
198 35 2
49 202 2
33 49 2
164 202 2
230 110 2
77 37 2
230 206 2
121 26 2
84 44 2
244 37 2
70 189 2
70 71 2
156 220 2
167 133 2
244 8 2
178 84 2
21 182 2
35 218 2
167 44 2
70 228 2
13 227 2
18 119 2
244 148 2
117 189 2
8 218 2
197 21 2
176 244 2
176 149 2
238 185 2
167 8 2
63 63 2
70 13 2
211 197 2
55 56 2
176 66 2
176 181 2
167 26 2
167 55 2
70 190 2
167 149 2
146 13 2
161 63 2
214 35 2
84 33 2
146 74 2
206 211 2
228 227 2
117 71 2
63 167 2
178 182 2
211 122 2
161 131 2
197 183 2
161 189 2
190 207 2
167 198 2
197 33 2
121 248 2
183 227 2
55 29 2
214 47 2
164 163 2
69 202 2
129 69 2
98 138 2
156 84 2
148 244 2
98 146 2
206 158 2
180 66 2
84 248 2
178 228 2
244 158 2
206 238 2
110 26 2
24 98 2
24 148 2
77 53 2
24 35 2
244 248 2
24 44 2
122 66 2
84 18 2
243 66 2
129 243 2
61 182 2
49 161 1
198 244 1
138 84 1
98 178 1
61 227 1
182 61 1
165 182 1
78 165 1
43 78 1
78 129 1
121 78 1
33 161 1
220 96 1
158 70 1
206 190 1
238 96 1
202 182 1
69 69 1
24 129 1
60 24 1
200 60 1
165 200 1
129 227 1
121 69 1
60 182 1
129 60 1
129 129 1
69 253 1
164 69 1
200 164 1
61 200 1
43 69 1
202 129 1
200 202 1
200 200 1
18 182 1
244 18 1
165 202 1
165 165 1
253 165 1
49 117 1
165 253 1
243 129 1
243 243 1
60 243 1
24 60 1
60 253 1
206 8 1
43 165 1
37 248 1
253 164 1
129 182 1
94 62 1
70 227 1
121 70 1
146 227 1
133 198 1
98 159 1
209 198 1
148 8 1
98 110 1
84 66 1
230 138 1
133 159 1
235 159 1
18 8 1
167 244 1
220 227 1
138 24 1
156 209 1
35 156 1
178 230 1
35 8 1
8 148 1
206 94 1
56 230 1
206 56 1
230 244 1
149 111 1
98 182 1
44 198 1
198 182 1
148 59 1
159 156 1
159 244 1
84 94 1
235 110 1
206 182 1
206 35 1
244 94 1
49 63 1
238 49 1
59 61 1
218 227 1
253 182 1
60 61 1
213 164 1
61 213 1
202 37 1
121 161 1
138 37 1
37 138 1
148 227 1
121 55 1
110 37 1
110 66 1
37 149 1
49 21 1
197 49 1
37 244 1
49 218 1
49 158 1
148 211 1
55 227 1
18 66 1
44 84 1
230 66 1
209 207 1
119 209 1
35 24 1
49 66 1
253 49 1
202 49 1
37 77 1
37 63 1
206 70 1
77 13 1
70 167 1
133 248 1
220 29 1
197 161 1
156 230 1
77 62 1
167 176 1
243 13 1
211 74 1
159 220 1
178 138 1
156 13 1
220 158 1
159 167 1
44 164 1
133 55 1
112 66 1
164 112 1
70 176 1
182 24 1
167 148 1
189 207 1
122 13 1
55 94 1
24 187 1
122 71 1
176 35 1
43 243 1
8 74 1
176 148 1
214 159 1
214 98 1
176 183 1
70 55 1
209 167 1
8 71 1
176 133 1
180 146 1
55 37 1
117 63 1
207 29 1
197 207 1
63 161 1
207 24 1
206 207 1
189 211 1
206 161 1
149 244 1
206 111 1
44 206 1
206 44 1
198 167 1
62 207 1
8 190 1
197 55 1
37 24 1
110 244 1
94 244 1
218 29 1
214 63 1
183 29 1
122 24 1
220 117 1
227 24 1
43 77 1
161 33 1
167 84 1
167 119 1
167 187 1
119 55 1
148 209 1
176 53 1
62 55 1
122 55 1
44 156 1
133 167 1
133 117 1
33 77 1
111 84 1
176 117 1
148 182 1
214 178 1
84 167 1
176 248 1
211 189 1
238 183 1
138 220 1
214 198 1
133 84 1
53 37 1
190 55 1
121 238 1
189 21 1
214 244 1
214 156 1
156 24 1
244 24 1
156 182 1
158 161 1
26 37 1
77 66 1
230 190 1
55 230 1
26 13 1
119 26 1
24 119 1
167 156 1
26 182 1
167 117 1
158 189 1
214 149 1
180 8 1
202 60 1
209 148 1
98 37 1
244 230 1
206 66 1
148 218 1
181 163 1
18 228 1
44 183 1
206 117 1
62 163 1
43 56 1
70 24 1
84 53 1
84 146 1
84 190 1
209 178 1
138 94 1
84 21 1
253 29 1
175 202 1
164 175 1
214 206 1
60 164 1
61 60 1
232 66 1
233 232 1
50 233 1
