0 62
1 102
2 68
3 13
4 101
5 12
6 116
7 89
8 84
9 15
10 92
11 69
12 77
13 38
14 66
15 76
16 17
17 80
18 110
19 58
20 73
21 99
22 47
23 16
24 55
25 11
26 87
27 118
28 91
29 82
30 88
31 64
32 45
33 56
34 98
35 70
36 96
37 67
38 48
39 7
40 22
41 4
42 9
43 115
44 49
45 50
46 8
47 36
48 33
49 3
50 125
51 75
52 65
53 120
54 83
55 93
56 40
57 112
58 61
59 53
60 24
61 71
62 72
63 122
64 34
65 57
66 28
67 81
68 37
69 95
70 94
71 79
72 20
73 26
74 42
75 105
76 117
77 41
78 21
79 124
80 107
81 39
82 43
83 109
84 97
85 6
86 0
87 106
88 32
89 74
90 126
91 100
92 30
93 114
94 1
95 31
96 2
97 52
98 25
99 104
100 51
101 119
102 59
103 86
104 23
105 63
106 5
107 78
108 19
109 90
110 85
111 14
112 18
113 113
114 108
115 35
116 54
117 29
118 60
119 121
120 46
121 27
122 123
123 103
124 44
125 10
126 111
